4294967295
4294967295
4294967295
4294967295
4294967295
4294967295
4294967295
4294967295
4294967295
4294967295
4294967295
4294967295
4294967295
4294967295
4294967295
4294967295
4294967295
4294967295
4294967295
4294967295
4294967295
4294967295
4294967295
4294967295
4294967295
4294967295
4294967295
4294967295
4294967295
4294967295
4294967295
4294967295
4294967295
4294967295
4294967295
4294967295
4294967295
4294967295
4294967295
4294967295
4294967295
4294967295
4294967295
4294967295
4294967295
4294967295
4294967295
4294967295
4294967295
4294967295
4294967295
4278190080
4278190080
4278190080
4294967295
4294967295
4294967295
4294967295
4294967295
4294967295
4278190080
4278190080
4278190080
4294967295
4294967295
4294967295
4294967295
4294967295
4294967295
4294967295
4278190080
4278190080
4294967295
4294967295
4294967295
4294967295
4294967295
4294967295
4294967295
4294967295
4278190080
4278190080
4278190080
4278190080
4278190080
4278190080
4278190080
4278190080
4278190080
4278190080
4294967295
4294967295
4294967295
4294967295
4294967295
4294967295
4294967295
4294967295
4294967295
4294967295
1986705999
3853912804
2580006761
1982990921
2951043159
3250754218
3456239857
3481173166
3293516451
2025117472
2151062709
3475645187
3775627826
2435612826
2917326780
2872068966
3051882141
2133406482
3067852355
4000929393
2308323836
3483125394
3454781127
3890600596
2566621847
3814295153
3876547920
2505801324
2418079603
2653794873
2550358079
2946507180
3117172617
3144501201
2026261213
3718060914
3203460394
3722206387
2840549549
2184371001
3037762072
3608521067
3414020085
1997379692
3116453002
2870225509
2069978640
3854388791
3862765947
3400383457
3016744218
3354720652
3306744273
1959661889
2953204630
3799031555
3573690282
3660626702
3356112364
3591699137
3171582810
2834877495
3965549403
3299743987
3190076723
3582319338
3262848392
2179476495
3698166965
3597743156
3848003304
3055638949
2943185696
3586065762
2458472971
2174043917
3182598712
2775900830
2379798550
3543360209
2673385766
3876531114
3220252918
2212161998
2585388672
2899552537
3663040396
4003730060
2607569895
2879314779
3956395163
2750319809
2938594379
2891350478
2116881874
3837172279
3344486708
3453287598
2849959090
2017002156
1073741869
