4294967295
4294967295
4294967295
4294967295
4294967295
4294967295
4294967295
4294967295
4294967295
4294967295
4294967295
4294967295
4294967295
4294967295
4294967295
4294967295
4294967295
4294967295
4294967295
4294967295
4294967295
4294967295
4294967295
4294967295
4278190080
4278190080
4294967295
4294967295
4294967295
4294967295
4294967295
4294967295
4294967295
4294967295
4278190080
4278190080
4294967295
4294967295
4294967295
4294967295
4294967295
4294967295
4294967295
4294967295
4278190080
4278190080
4278190080
4278190080
4278190080
4278190080
4278190080
4278190080
4278190080
4278190080
4278190080
4278190080
4278190080
4278190080
4278190080
4278190080
4278190080
4278190080
4278190080
4278190080
4278190080
4278190080
4294967295
4294967295
4294967295
4294967295
4294967295
4294967295
4294967295
4294967295
4294967295
4294967295
4294967295
4294967295
4294967295
4294967295
4294967295
4294967295
4294967295
4294967295
4294967295
4294967295
4294967295
4294967295
4294967295
4294967295
4294967295
4294967295
4294967295
4294967295
4294967295
4294967295
4294967295
4294967295
4294967295
4294967295
4997921503
4997921503
4997921503
4997921503
4997921503
4997921503
4997921503
4997921503
4997921503
4997921503
2029291871
2029291871
2029291871
2029291871
2029291871
2029291871
2029291871
2029291871
2029291871
2029291871
901780605
1576329882
2321041686
1675188260
1253068078
2015484717
702954114
2424470312
834843473
1879940284
1415379631
2713608623
1630277842
2641845682
1697175893
2013893056
1564856178
1079760518
2674779565
1620250991
1016517846
2584923718
1994925414
2801121033
2208645968
938562285
1303059778
1994016322
788290862
2376955365
2704648328
2184224723
814047693
1737949374
1276749435
1883571380
1857959886
2353591054
1182238888
2162869189
1948871259
1385497941
861338685
731034626
2320809918
2609718908
1258822183
2092538255
1379107809
1836471262
943271582
1642810177
1574484197
2257373991
1057673717
2234728961
1446753929
2822767692
2482446676
1067696022
2323353465
2036080821
2766194644
1561355722
809106752
2794242685
1824009960
1601535928
1157223273
807209176
1952750683
794899250
2621217569
2287677255
873690246
2511667476
1602090400
949399568
2330535222
1684046480
1073741859
1696912712
1159590717
359480098
290905390
187833658
316203687
497335827
858272816
1434882955
18446744067050890369
