4294967295
4294967295
4294967295
4294967295
4294967295
4294967295
4294967295
4294967295
4294967295
4294967295
4294967295
4294967295
4294967295
4294967295
4294967295
4294967295
4294967295
4294967295
4294967295
4294967295
4294967295
4294967295
4294967295
4294967295
4294967295
4294967295
4294967295
4294967295
4294967295
4294967295
4294967295
4294967295
4294967295
4294967295
4294967295
4294967295
4294967295
4294967295
4294967295
4294967295
4294967295
4294967295
4294967295
4294967295
4294967295
4294967295
4294967295
4294967295
4294967295
4294967295
4294967295
4294967295
4294967295
4294967295
4294967295
4294967295
4294967295
4294967295
4294967295
4294967295
4294967295
4294967295
4294967295
4294967295
4294967295
4294967295
4294967295
4294967295
4294967295
4294967295
4294967295
4294967295
4294967295
4294967295
4294967295
4294967295
4294967295
4294967295
4294967295
4294967295
4294967295
4294967295
4294967295
4294967295
4294967295
4294967295
4294967295
4294967295
4294967295
4294967295
4294967295
4294967295
4294967295
4294967295
4294967295
4294967295
4294967295
4294967295
4294967295
4294967295
3167456035
3842005312
4586717116
3940863690
3518743508
4281160147
2968629544
4690145742
3100518903
4145615714
3681055061
4979284053
3895953272
4907521112
3962851323
4279568486
3830531608
3345435948
4940454995
3885926421
3282193276
4850599148
4260600844
5066796463
4474321398
3204237715
3568735208
4259691752
3053966292
4642630795
4970323758
4449900153
3079723123
4003624804
3542424865
4149246810
4123635316
4619266484
3447914318
4428544619
4214546689
3651173371
3127014115
2996710056
4586485348
4875394338
3524497613
4358213685
3644783239
4102146692
3208947012
3908485607
3840159627
4523049421
3323349147
4500404391
3712429359
5088443122
4748122106
3333371452
4589028895
4301756251
5031870074
3827031152
3074782182
5059918115
4089685390
3867211358
3422898703
3072884606
4218426113
3060574680
4886892999
4553352685
3139365676
4777342906
3867765830
3215074998
4596210652
3949721910
3913164681
4665542350
4128220355
3328109736
3259535028
3156463296
3284833325
3465965465
3826902454
4403512593
3225613895
4427647587
4587075595
4860218317
3496283889
4046809271
4686419847
5018461065
4458861735
4039864730
1073741764
