4278190080
4278190080
4278190080
4278190080
4278190080
4278190080
4278190080
4278190080
4278190080
4278190080
4278190080
4278190080
4278190080
4278190080
4278190080
4278190080
4278190080
4278190080
4278190080
4278190080
4278190080
4278190080
4278190080
4294967295
4278190080
4278190080
4278190080
4278190080
4278190080
4278190080
4278190080
4278190080
4294967295
4294967295
4278190080
4278190080
4278190080
4278190080
4278190080
4278190080
4294967295
4294967295
4294967295
4294967295
4294967295
4294967295
4294967295
4294967295
4294967295
4294967295
4278190080
4278190080
4278190080
4278190080
4278190080
4278190080
4278190080
4278190080
4278190080
4278190080
4278190080
4278190080
4278190080
4278190080
4278190080
4278190080
4278190080
4278190080
4278190080
4278190080
4278190080
4278190080
4278190080
4278190080
4278190080
4278190080
4278190080
4278190080
4278190080
4278190080
4278190080
4278190080
4278190080
4278190080
4278190080
4278190080
4278190080
4278190080
4278190080
4278190080
4278190080
4278190080
4278190080
4278190080
4278190080
4278190080
4278190080
4278190080
4278190080
4278190080
3167456058
3842005335
4586717139
3940863713
3518743531
4281160170
2968629567
4690145765
3100518926
4145615737
3681055084
4979284076
3895953295
4907521135
3962851346
4279568509
3830531631
3345435971
4940455018
3885926444
3282193299
4850599171
4260600867
5066796486
4474321421
3204237738
3568735231
4259691775
3053966315
4642630818
4970323781
4449900176
3079723146
4003624827
3542424888
4149246833
4123635339
4619266507
3447914341
4428544642
4214546712
3651173394
3127014138
2996710079
4586485371
4875394361
3524497636
4358213708
3644783262
4102146715
3208947035
3908485630
3840159650
4523049444
3323349170
4500404414
3712429382
5088443145
4748122129
3333371475
4589028918
4301756274
5031870097
3827031175
3074782205
5059918138
4089685413
3867211381
3422898726
3072884629
4218426136
3060574703
4886893022
4553352708
3139365699
4777342929
3867765853
3215075021
4596210675
3949721933
3913164704
4665542373
4128220378
3328109759
3259535051
3156463319
3284833348
3465965488
3826902477
4403512616
3225613918
4427647610
4587075618
4860218340
3496283912
4046809294
4686419870
5018461088
4458861758
4039864753
1073741900
