4294967295
4294967295
4294967295
4294967295
4294967295
4294967295
4294967295
4294967295
4294967295
4294967295
4294967295
4294967295
4294967295
4294967295
4294967295
4294967295
4294967295
4294967295
4294967295
4294967295
4294967295
4294967295
4294967295
4294967295
4294967295
4294967295
4294967295
4294967295
4294967295
4294967295
4294967295
4294967295
4278190080
4278190080
4294967295
4294967295
4294967295
4294967295
4294967295
4294967295
4294967295
4278190080
4278190080
4294967295
4294967295
4294967295
4294967295
4294967295
4294967295
4294967295
4294967295
4278190080
4294967295
4294967295
4294967295
4294967295
4294967295
4294967295
4294967295
4294967295
4278190080
4278190080
4278190080
4278190080
4278190080
4278190080
4294967295
4294967295
4278190080
4278190080
4294967295
4294967295
4294967295
4294967295
4294967295
4278190080
4278190080
4278190080
4278190080
4278190080
4294967295
4294967295
4294967295
4294967295
4294967295
4294967295
4294967295
4294967295
4294967295
4294967295
4294967295
4294967295
4294967295
4294967295
4294967295
4294967295
4294967295
4294967295
4294967295
4294967295
3167459666
3842008943
4586720747
3940867321
3518747139
4281163778
2968633175
4690149373
3100522534
4145619345
3681058692
4979287684
3895956903
4907524743
3962854954
4279572117
3830535239
3345439579
4940458626
3885930052
3282196907
4850602779
4260604475
5066800094
4474325029
3204241346
3568738839
4259695383
3053969923
4642634426
4970327389
4449903784
3079726754
4003628435
3542428496
4149250441
4123638947
4619270115
3447917949
4428548250
4214550320
3651177002
3127017746
2996713687
4586488979
4875397969
3524501244
4358217316
3644786870
4102150323
3208950643
3908489238
3840163258
4523053052
3323352778
4500408022
3712432990
5088446753
4748125737
3333375083
4589032526
4301759882
5031873705
3827034783
3074785813
5059921746
4089689021
3867214989
3422902334
3072888237
4218429744
3060578311
4886896630
4553356316
3139369307
4777346537
3867769461
3215078629
4596214283
3949725541
3913168312
4665545981
4128223986
3328113367
3259538659
3156466927
3284836956
3465969096
3826906085
4403516224
3225617526
4427651218
4587079226
4860221948
3496287520
4046812902
4686423478
5018464696
4458865366
4039868361
1073742114
