4278190080
4278190080
4278190080
4278190080
4278190080
4278190080
4278190080
4278190080
4278190080
4278190080
4294967295
4294967295
4294967295
4278190080
4278190080
4278190080
4278190080
4278190080
4278190080
4278190080
4294967295
4294967295
4294967295
4278190080
4278190080
4278190080
4278190080
4278190080
4278190080
4278190080
4294967295
4294967295
4294967295
4278190080
4278190080
4278190080
4278190080
4278190080
4278190080
4278190080
4294967295
4294967295
4294967295
4278190080
4278190080
4278190080
4278190080
4278190080
4278190080
4278190080
4294967295
4294967295
4294967295
4278190080
4278190080
4278190080
4278190080
4278190080
4278190080
4278190080
4278190080
4294967295
4294967295
4294967295
4278190080
4278190080
4278190080
4278190080
4278190080
4278190080
4278190080
4294967295
4294967295
4294967295
4278190080
4278190080
4278190080
4278190080
4278190080
4278190080
4278190080
4294967295
4294967295
4278190080
4278190080
4278190080
4278190080
4278190080
4278190080
4278190080
4278190080
4294967295
4294967295
4278190080
4278190080
4278190080
4278190080
4278190080
4278190080
4278190080
1052823803
1052823803
1052823803
1052823803
1052823803
1052823803
1052823803
1052823803
1052823803
1052823803
18446744073634864153
599861814
1344573618
698720192
276600010
1039016649
18446744073436037662
1448002244
18446744073567927021
903472216
438911563
1737140555
653809774
1665377614
720707825
1037424988
588388110
103292450
1698311497
643782923
40049778
1608455650
1018457346
1824652965
1232177900
18446744073671645833
326591710
1017548254
18446744073521374410
1400487297
1728180260
1207756655
18446744073547131241
761481306
300281367
907103312
881491818
1377122986
205770820
1186401121
972403191
409029873
18446744073594422233
18446744073464118174
1344341850
1633250840
282354115
1116070187
402639741
860003194
18446744073676355130
666342109
598016129
1280905923
81205649
1258260893
470285861
1846299624
1505978608
91227954
1346885397
1059612753
1789726576
584887654
18446744073542190300
1817774617
847541892
625067860
180755205
18446744073540292724
976282615
18446744073527982798
1644749501
1311209187
18446744073606773794
1535199408
625622332
18446744073682483116
1354067154
707578412
97273888
