4294967295
4294967295
4278190080
4278190080
4278190080
4278190080
4278190080
4278190080
4294967295
4294967295
4294967295
4294967295
4294967295
4294967295
4278190080
4278190080
4278190080
4278190080
4294967295
4294967295
4294967295
4294967295
4294967295
4294967295
4278190080
4278190080
4278190080
4278190080
4294967295
4294967295
4294967295
4294967295
4294967295
4294967295
4278190080
4278190080
4278190080
4294967295
4294967295
4294967295
4294967295
4294967295
4294967295
4294967295
4278190080
4278190080
4278190080
4294967295
4294967295
4294967295
4294967295
4294967295
4294967295
4278190080
4278190080
4278190080
4278190080
4278190080
4294967295
4294967295
4294967295
4294967295
4278190080
4278190080
4278190080
4278190080
4278190080
4278190080
4294967295
4294967295
4294967295
4294967295
4278190080
4278190080
4278190080
4278190080
4278190080
4278190080
4294967295
4294967295
4294967295
4294967295
4278190080
4278190080
4278190080
4278190080
4278190080
4278190080
4294967295
4294967295
4294967295
4294967295
4278190080
4278190080
4278190080
4278190080
4278190080
4278190080
4294967295
4294967295
4294967142
4294967142
4294967142
4294967142
4294967142
4294967142
4294967142
4294967142
4294967142
4294967142
4294967142
4294967142
4294967142
4294967142
4294967142
4294967142
4294967142
4294967142
4294967142
4294967142
4294967142
4294967142
4294967142
4294967142
4294967142
4294967142
4294967142
4294967142
4294967142
4294967142
1219401450
1219401450
1219401450
1219401450
1219401450
1219401450
1219401450
1219401450
1219401450
1219401450
91890184
766439461
1511151265
865297839
443177657
1205594296
18446744073602615309
1614579891
24953052
1070049863
605489210
1903718202
820387421
1831955261
887285472
1204002635
754965757
269870097
1864889144
810360570
206627425
1775033297
1185034993
1991230612
1398755547
128671864
493169357
1184125901
18446744073687952057
1567064944
1894757907
1374334302
4157272
928058953
466859014
1073680959
1048069465
1543700633
372348467
1352978768
1138980838
575607520
51448264
18446744073630695821
1510919497
1799828487
448931762
1282647834
569217388
1026580841
133381161
832919756
764593776
1447483570
247783296
1424838540
636863508
2012877271
1672556255
257805601
18446744049453018797
