4278190080
4278190080
4278190080
4278190080
4278190080
4294967295
4294967295
4294967295
4294967295
4294967295
4278190080
4278190080
4278190080
4294967295
4278190080
4294967295
4294967295
4294967295
4294967295
4294967295
4278190080
4278190080
4278190080
4278190080
4278190080
4278190080
4278190080
4294967295
4294967295
4278190080
4278190080
4278190080
4278190080
4278190080
4278190080
4278190080
4278190080
4278190080
4278190080
4278190080
4278190080
4278190080
4278190080
4278190080
4278190080
4278190080
4278190080
4278190080
4278190080
4278190080
4278190080
4278190080
4278190080
4278190080
4278190080
4278190080
4278190080
4278190080
4278190080
4278190080
4278190080
4278190080
4278190080
4278190080
4278190080
4278190080
4278190080
4278190080
4278190080
4278190080
4278190080
4278190080
4278190080
4278190080
4278190080
4278190080
4278190080
4278190080
4278190080
4278190080
4278190080
4278190080
4278190080
4278190080
4278190080
4278190080
4278190080
4294967295
4294967295
4294967295
4278190080
4278190080
4278190080
4278190080
4278190080
4294967295
4294967295
4278190080
4278190080
4278190080
959264093
369066468
1554974372
361298858
1828174060
1760750021
1401634751
716403866
534396614
1664721130
1849921143
731415668
559501247
2132952995
792185025
1339917018
1013471119
939739394
1180877865
24596977
1377188242
1950529856
213011591
2087101423
1624290627
300566860
369871125
937861312
1106365045
555286092
278709353
214692629
247473833
496500916
1032246655
397013556
699555983
1714599244
1484009308
49744148
1474529466
1536067316
1194772969
8757380
1456195131
1332041330
1060656221
1079885235
1321974161
1884095563
701611446
2096044063
1072966060
847461336
1537386614
1291687905
1422742737
138377039
149452297
639233276
641084923
101803521
1920599712
538766496
1131320110
1626030114
279916166
215171927
1175261677
1080004388
293501926
968286688
1403070551
1419735830
1689907008
869859940
284461258
1070935814
1600531505
627354592
40848007
1254212764
1905368369
442301129
572742990
341047426
1280742101
919345024
1256392337
850024131
1998060732
1926920279
2021147736
488342458
1315844506
1418249783
838191319
1219768807
494528409
18446744073709551341
18446744059587493065
656662074
191056653
1876827284
1309863546
1459740822
664733957
48898402
44967335
1951108492
396821124
192969083
214072770
643367173
1316950435
15337994
1039219287
273767067
1557015089
671968217
790220122
727045248
603765486
1050501901
309685927
239490734
951153789
1748109431
1565300829
1498664169
1294213153
2001663899
644711474
2035160628
1218069395
817335850
633841555
1210750401
302358453
2054267696
1771358232
581027037
367667319
1557571556
691018156
433799102
1987907356
872216383
2132164756
658782538
100384130
