4294967295
4294967295
4294967295
4294967295
4294967295
4294967295
4294967295
4294967295
4294967295
4294967295
4294967295
4294967295
4294967295
4294967295
4294967295
4294967295
4294967295
4294967295
4294967295
4294967295
4294967295
4294967295
4294967295
4294967295
4294967295
4294967295
4294967295
4294967295
4294967295
4294967295
4294967295
4294967295
4294967295
4294967295
4294967295
4294967295
4294967295
4294967295
4294967295
4294967295
4294967295
4294967295
4278190080
4294967295
4294967295
4294967295
4294967295
4294967295
4294967295
4294967295
4294967295
4278190080
4294967295
4294967295
4294967295
4294967295
4294967295
4294967295
4294967295
4294967295
4278190080
4278190080
4278190080
4278190080
4278190080
4278190080
4278190080
4278190080
4278190080
4278190080
4294967295
4294967295
4294967295
4294967295
4294967295
4294967295
4294967295
4294967295
4294967295
4294967295
4294967295
4294967295
4294967295
4294967295
4294967295
4294967295
4294967295
4294967295
4294967295
4294967295
4294967295
4294967295
4294967295
4294967295
4294967295
4294967295
4294967295
4294967295
4294967295
4294967295
3167456136
3842005413
4586717217
3940863791
3518743609
4281160248
2968629645
4690145843
3100519004
4145615815
3681055162
4979284154
3895953373
4907521213
3962851424
4279568587
3830531709
3345436049
4940455096
3885926522
3282193377
4850599249
4260600945
5066796564
4474321499
3204237816
3568735309
4259691853
3053966393
4642630896
4970323859
4449900254
3079723224
4003624905
3542424966
4149246911
4123635417
4619266585
3447914419
4428544720
4214546790
3651173472
3127014216
2996710157
4586485449
4875394439
3524497714
4358213786
3644783340
4102146793
3208947113
3908485708
3840159728
4523049522
3323349248
4500404492
3712429460
5088443223
4748122207
3333371553
4589028996
4301756352
5031870175
3827031253
3074782283
5059918216
4089685491
3867211459
3422898804
3072884707
4218426214
3060574781
4886893100
4553352786
3139365777
4777343007
3867765931
3215075099
4596210753
3949722011
3913164782
4665542451
4128220456
3328109837
3259535129
3156463397
3284833426
3465965566
3826902555
4403512694
3225613996
4427647688
4587075696
4860218418
3496283990
4046809372
4686419948
5018461166
4458861836
4039864831
1073741900
