4294967295
4294967295
4294967295
4294967295
4294967295
4278190080
4278190080
4278190080
4278190080
4294967295
4294967295
4294967295
4294967295
4294967295
4294967295
4294967295
4278190080
4278190080
4278190080
4294967295
4294967295
4294967295
4294967295
4294967295
4294967295
4294967295
4278190080
4278190080
4278190080
4294967295
4294967295
4294967295
4278190080
4294967295
4294967295
4294967295
4278190080
4278190080
4278190080
4294967295
4294967295
4294967295
4278190080
4294967295
4294967295
4294967295
4278190080
4278190080
4278190080
4294967295
4294967295
4294967295
4294967295
4294967295
4294967295
4278190080
4278190080
4278190080
4278190080
4294967295
4294967295
4294967295
4278190080
4278190080
4278190080
4278190080
4278190080
4278190080
4278190080
4294967295
4294967295
4294967295
4278190080
4278190080
4278190080
4278190080
4278190080
4278190080
4278190080
4294967295
4294967295
4294967295
4278190080
4278190080
4278190080
4278190080
4278190080
4278190080
4278190080
4294967295
4294967295
4294967295
4278190080
4278190080
4278190080
4278190080
4278190080
4278190080
4278190080
4294967295
4294967143
4294967143
4294967143
4294967143
4294967143
4294967143
4294967143
4294967143
4294967143
4294967143
4294967143
4294967143
4294967143
4294967143
4294967143
4294967143
4294967143
4294967143
4294967143
4294967143
4294967143
4294967143
4294967143
4294967143
4294967143
4294967143
4294967143
4294967143
4294967143
4294967143
1219401451
1219401451
1219401451
1219401451
1219401451
1219401451
1219401451
1219401451
1219401451
1219401451
91890185
766439462
1511151266
865297840
443177658
1205594297
18446744073602615310
1614579892
24953053
1070049864
605489211
1903718203
820387422
1831955262
887285473
1204002636
754965758
269870098
1864889145
810360571
206627426
1775033298
1185034994
1991230613
1398755548
128671865
493169358
1184125902
18446744073687952058
1567064945
1894757908
1374334303
4157273
928058954
466859015
1073680960
1048069466
1543700634
372348468
1352978769
1138980839
575607521
51448265
18446744073630695822
1510919498
1799828488
448931763
1282647835
569217389
1026580842
133381162
832919757
764593777
1447483571
247783297
1424838541
636863509
2012877272
1672556256
257805602
18446744049453018797
