4278190080
4294967295
4294967295
4294967295
4294967295
4294967295
4278190080
4294967295
4294967295
4294967295
4294967295
4278190080
4278190080
4278190080
4294967295
4294967295
4278190080
4278190080
4278190080
4278190080
4294967295
4278190080
4294967295
4278190080
4294967295
4294967295
4294967295
4278190080
4278190080
4278190080
4294967295
4278190080
4278190080
4278190080
4278190080
4294967295
4294967295
4294967295
4294967295
4278190080
4278190080
4278190080
4294967295
4278190080
4294967295
4294967295
4294967295
4294967295
4294967295
4278190080
4294967295
4278190080
4294967295
4278190080
4294967295
4294967295
4294967295
4278190080
4278190080
4278190080
4294967295
4278190080
4278190080
4278190080
4278190080
4278190080
4278190080
4278190080
4278190080
4294967295
4278190080
4278190080
4294967295
4294967295
4294967295
4278190080
4294967295
4278190080
4294967295
4278190080
4294967295
4294967295
4294967295
4294967295
4278190080
4278190080
4278190080
4294967295
4278190080
4294967295
4278190080
4294967295
4294967295
4294967295
4294967295
4294967295
4294967295
4278190080
4294967295
4278190080
4997921360
4997921360
4997921360
4997921360
4997921360
4997921360
4997921360
4997921360
4997921360
4997921360
2029291728
2029291728
2029291728
2029291728
2029291728
2029291728
2029291728
2029291728
2029291728
2029291728
901780462
1576329739
2321041543
1675188117
1253067935
2015484574
702953971
2424470169
834843330
1879940141
1415379488
2713608480
1630277699
2641845539
1697175750
2013892913
1564856035
1079760375
2674779422
1620250848
1016517703
2584923575
1994925271
2801120890
2208645825
938562142
1303059635
1994016179
788290719
2376955222
2704648185
2184224580
814047550
1737949231
1276749292
1883571237
1857959743
2353590911
1182238745
2162869046
1948871116
1385497798
861338542
731034483
2320809775
2609718765
1258822040
2092538112
1379107666
1836471119
943271439
1642810034
1574484054
2257373848
1057673574
2234728818
1446753786
2822767549
2482446533
1067695879
2323353322
2036080678
2766194501
1561355579
809106609
2794242542
1824009817
1601535785
1157223130
807209033
1952750540
794899107
2621217426
2287677112
873690103
2511667333
1602090257
949399425
2330535079
1684046337
1073741813