4294967295
4294967295
4294967295
4294967295
4294967295
4294967295
4294967295
4294967295
4294967295
4294967295
4294967295
4294967295
4294967295
4278190080
4278190080
4294967295
4294967295
4294967295
4294967295
4294967295
4294967295
4278190080
4278190080
4278190080
4294967295
4294967295
4294967295
4294967295
4294967295
4294967295
4294967295
4278190080
4278190080
4278190080
4278190080
4278190080
4278190080
4278190080
4278190080
4278190080
4294967295
4294967295
4294967295
4294967295
4294967295
4294967295
4294967295
4294967295
4294967295
4294967295
4294967295
4294967295
4294967295
4278190080
4278190080
4294967295
4294967295
4294967295
4294967295
4294967295
4278190080
4278190080
4278190080
4294967295
4294967295
4294967295
4294967295
4294967295
4294967295
4294967295
4294967295
4294967295
4278190080
4278190080
4278190080
4278190080
4278190080
4278190080
4278190080
4278190080
4294967295
4294967295
4294967295
4294967295
4294967295
4294967295
4294967295
4294967295
4294967295
4294967295
4294967295
4294967295
4294967295
4294967295
4294967295
4294967295
4294967295
4294967295
4294967295
4294967295
3167455944
3842005221
4586717025
3940863599
3518743417
4281160056
2968629453
4690145651
3100518812
4145615623
3681054970
4979283962
3895953181
4907521021
3962851232
4279568395
3830531517
3345435857
4940454904
3885926330
3282193185
4850599057
4260600753
5066796372
4474321307
3204237624
3568735117
4259691661
3053966201
4642630704
4970323667
4449900062
3079723032
4003624713
3542424774
4149246719
4123635225
4619266393
3447914227
4428544528
4214546598
3651173280
3127014024
2996709965
4586485257
4875394247
3524497522
4358213594
3644783148
4102146601
3208946921
3908485516
3840159536
4523049330
3323349056
4500404300
3712429268
5088443031
4748122015
3333371361
4589028804
4301756160
5031869983
3827031061
3074782091
5059918024
4089685299
3867211267
3422898612
3072884515
4218426022
3060574589
4886892908
4553352594
3139365585
4777342815
3867765739
3215074907
4596210561
3949721819
3913164590
4665542259
4128220264
3328109645
3259534937
3156463205
3284833234
3465965374
3826902363
4403512502
3225613804
4427647496
4587075504
4860218226
3496283798
4046809180
4686419756
5018460974
4458861644
4039864639
1073741764
