4294967295
4278190080
4278190080
4278190080
4278190080
4278190080
4294967295
4294967295
4278190080
4294967295
4294967295
4294967295
4294967295
4294967295
4294967295
4294967295
4278190080
4278190080
4294967295
4278190080
4294967295
4278190080
4278190080
4294967295
4294967295
4278190080
4294967295
4294967295
4278190080
4278190080
4294967295
4278190080
4294967295
4278190080
4278190080
4278190080
4294967295
4278190080
4294967295
4278190080
4294967295
4278190080
4294967295
4278190080
4294967295
4294967295
4294967295
4294967295
4278190080
4278190080
4294967295
4278190080
4278190080
4278190080
4278190080
4278190080
4278190080
4294967295
4294967295
4278190080
4294967295
4278190080
4294967295
4294967295
4294967295
4294967295
4278190080
4278190080
4294967295
4294967295
4278190080
4294967295
4294967295
4278190080
4294967295
4294967295
4278190080
4278190080
4278190080
4278190080
4278190080
4278190080
4294967295
4294967295
4294967295
4294967295
4278190080
4294967295
4278190080
4294967295
4278190080
4294967295
4294967295
4294967295
4278190080
4294967295
4294967295
4294967295
4278190080
4294967295
1326337663
1326337663
1326337663
1326337663
1326337663
1326337663
1326337663
1326337663
1326337663
1326337663
198826397
873375674
1618087478
972234052
550113870
1312530509
18446744073709551522
1721516104
131889265
1176986076
712425423
2010654415
927323634
1938891474
994221685
1310938848
861901970
376806310
1971825357
917296783
313563638
1881969510
1291971206
2098166825
1505691760
235608077
600105570
1291062114
85336654
1674001157
2001694120
1481270515
111093485
1034995166
573795227
1180617172
1155005678
1650636846
479284680
1459914981
1245917051
682543733
158384477
28080418
1617855710
1906764700
555867975
1389584047
676153601
1133517054
240317374
939855969
871529989
1554419783
354719509
1531774753
743799721
2119813484
1779492468
364741814
1620399257
1333126613
2063240436
858401514
106152544
2091288477
1121055752
898581720
454269065
104254968
1249796475
91945042
1918263361
1584723047
170736038
1808713268
899136192
246445360
1627581014
981092272
944535043
1696912712
1159590717
359480098
290905390
187833658
316203687
497335827
858272816
1434882955
18446744067050890369
