4294967295
4294967295
4294967295
4294967295
4294967295
4294967295
4294967295
4294967295
4294967295
4294967295
4294967295
4294967295
4294967295
4294967295
4278190080
4278190080
4294967295
4294967295
4294967295
4294967295
4294967295
4294967295
4278190080
4278190080
4278190080
4278190080
4278190080
4278190080
4294967295
4294967295
4294967295
4294967295
4278190080
4294967295
4294967295
4294967295
4294967295
4278190080
4294967295
4294967295
4294967295
4278190080
4294967295
4294967295
4294967295
4294967295
4294967295
4278190080
4278190080
4294967295
4294967295
4278190080
4294967295
4294967295
4294967295
4294967295
4294967295
4278190080
4278190080
4294967295
4294967295
4294967295
4278190080
4294967295
4294967295
4294967295
4294967295
4278190080
4294967295
4294967295
4294967295
4294967295
4278190080
4278190080
4278190080
4278190080
4278190080
4278190080
4294967295
4294967295
4294967295
4294967295
4294967295
4294967295
4278190080
4278190080
4294967295
4294967295
4294967295
4294967295
4294967295
4294967295
4294967295
4294967295
4294967295
4294967295
4294967295
4294967295
4294967295
4294967295
4294967119
4294967119
4294967119
4294967119
4294967119
4294967119
4294967119
4294967119
4294967119
4294967119
4294967119
4294967119
4294967119
4294967119
4294967119
4294967119
4294967119
4294967119
4294967119
4294967119
4294967119
4294967119
4294967119
4294967119
4294967119
4294967119
4294967119
4294967119
4294967119
4294967119
1219401427
1219401427
1219401427
1219401427
1219401427
1219401427
1219401427
1219401427
1219401427
1219401427
91890161
766439438
1511151242
865297816
443177634
1205594273
18446744073602615286
1614579868
24953029
1070049840
605489187
1903718179
820387398
1831955238
887285449
1204002612
754965734
269870074
1864889121
810360547
206627402
1775033274
1185034970
1991230589
1398755524
128671841
493169334
1184125878
18446744073687952034
1567064921
1894757884
1374334279
4157249
928058930
466858991
1073680936
1048069442
1543700610
372348444
1352978745
1138980815
575607497
51448241
18446744073630695798
1510919474
1799828464
448931739
1282647811
569217365
1026580818
133381138
832919733
764593753
1447483547
247783273
1424838517
636863485
2012877248
1672556232
257805578
18446744049453018797
