4294967295
4294967295
4294967295
4294967295
4278190080
4278190080
4278190080
4294967295
4294967295
4294967295
4294967295
4294967295
4294967295
4278190080
4278190080
4278190080
4278190080
4278190080
4278190080
4294967295
4294967295
4294967295
4294967295
4294967295
4278190080
4278190080
4278190080
4278190080
4278190080
4294967295
4294967295
4294967295
4294967295
4294967295
4278190080
4278190080
4278190080
4278190080
4278190080
4294967295
4294967295
4294967295
4294967295
4294967295
4278190080
4278190080
4278190080
4278190080
4278190080
4294967295
4294967295
4294967295
4294967295
4294967295
4278190080
4278190080
4278190080
4294967295
4278190080
4294967295
4294967295
4294967295
4294967295
4294967295
4278190080
4278190080
4278190080
4278190080
4278190080
4294967295
4294967295
4294967295
4294967295
4294967295
4278190080
4278190080
4294967295
4294967295
4278190080
4294967295
4294967295
4294967295
4294967295
4294967295
4294967295
4278190080
4294967295
4294967295
4278190080
4294967295
4294967295
4294967295
4294967295
4294967295
4278190080
4278190080
4278190080
4278190080
4278190080
4294967295
4294967136
4294967136
4294967136
4294967136
4294967136
4294967136
4294967136
4294967136
4294967136
4294967136
4294967136
4294967136
4294967136
4294967136
4294967136
4294967136
4294967136
4294967136
4294967136
4294967136
4294967136
4294967136
4294967136
4294967136
4294967136
4294967136
4294967136
4294967136
4294967136
4294967136
1219401444
1219401444
1219401444
1219401444
1219401444
1219401444
1219401444
1219401444
1219401444
1219401444
91890178
766439455
1511151259
865297833
443177651
1205594290
18446744073602615303
1614579885
24953046
1070049857
605489204
1903718196
820387415
1831955255
887285466
1204002629
754965751
269870091
1864889138
810360564
206627419
1775033291
1185034987
1991230606
1398755541
128671858
493169351
1184125895
18446744073687952051
1567064938
1894757901
1374334296
4157266
928058947
466859008
1073680953
1048069459
1543700627
372348461
1352978762
1138980832
575607514
51448258
18446744073630695815
1510919491
1799828481
448931756
1282647828
569217382
1026580835
133381155
832919750
764593770
1447483564
247783290
1424838534
636863502
2012877265
1672556249
257805595
18446744049453018797
