4278190080
4278190080
4278190080
4294967295
4294967295
4294967295
4294967295
4294967295
4294967295
4294967295
4294967295
4294967295
4278190080
4294967295
4294967295
4294967295
4294967295
4294967295
4294967295
4294967295
4294967295
4294967295
4278190080
4294967295
4294967295
4294967295
4294967295
4294967295
4294967295
4294967295
4294967295
4294967295
4278190080
4278190080
4278190080
4278190080
4294967295
4294967295
4294967295
4294967295
4294967295
4294967295
4294967295
4294967295
4294967295
4278190080
4294967295
4294967295
4294967295
4294967295
4294967295
4294967295
4294967295
4294967295
4294967295
4278190080
4294967295
4294967295
4294967295
4294967295
4294967295
4294967295
4294967295
4294967295
4294967295
4278190080
4278190080
4278190080
4278190080
4294967295
4294967295
4294967295
4294967295
4294967295
4294967295
4294967295
4294967295
4294967295
4278190080
4294967295
4294967295
4294967295
4294967295
4294967295
4294967295
4294967295
4294967295
4294967295
4278190080
4294967295
4294967295
4294967295
4294967295
4294967295
4294967295
4294967295
4294967295
4294967295
4278190080
4294967295
3167455947
3842005224
4586717028
3940863602
3518743420
4281160059
2968629456
4690145654
3100518815
4145615626
3681054973
4979283965
3895953184
4907521024
3962851235
4279568398
3830531520
3345435860
4940454907
3885926333
3282193188
4850599060
4260600756
5066796375
4474321310
3204237627
3568735120
4259691664
3053966204
4642630707
4970323670
4449900065
3079723035
4003624716
3542424777
4149246722
4123635228
4619266396
3447914230
4428544531
4214546601
3651173283
3127014027
2996709968
4586485260
4875394250
3524497525
4358213597
3644783151
4102146604
3208946924
3908485519
3840159539
4523049333
3323349059
4500404303
3712429271
5088443034
4748122018
3333371364
4589028807
4301756163
5031869986
3827031064
3074782094
5059918027
4089685302
3867211270
3422898615
3072884518
4218426025
3060574592
4886892911
4553352597
3139365588
4777342818
3867765742
3215074910
4596210564
3949721822
3913164593
4665542262
4128220267
3328109648
3259534940
3156463208
3284833237
3465965377
3826902366
4403512505
3225613807
4427647499
4587075507
4860218229
3496283801
4046809183
4686419759
5018460977
4458861647
4039864642
1073741764