299461501
172980706
1516770215
1446608839
2055879195
453596938
84252087
11216076
1237279832
915267572
1976418725
902337367
488826168
928279035
820873907
1705027814
617301528
1544951638
125801158
1944172918
1134093688
432772719
1713932249
183237879
1909427274
471564042
406555186
592017221
594481857
1647545941
2012207071
201149957
784549640
2129066726
954336642
2034245122
341444351
31839960
2094649756
322291582
764986436
1941964816
836920760
821622490
1958300409
236452009
546465251
1964854828
1279886294
1697771421
495769904
201207143
559325786
1533168251
824398427
17137465
231523964
230217323
40245465
520730170
843602209
658152484
1907559732
879367285
858889383
636156417
2020155458
1842669355
1878395990
612273480
594947772
1572926941
687849500
2008048440
1906386536
1056225703
554709183
1583033851
1756706219
1781080452
1262845306
1110740591
1937078841
307857214
804646002
1226195147
1199137971
1162490946
1994383906
1934537183
1904351382
771596257
1921444411
1777172212
1370152413
1031328171
1109531184
538943181
121042433
442089360
800881840
349814113
233810867
1047807873
1882261374
1605047340
1323353160
855480029
1586647354
470436012
111997695
1546439129
1466917681
839817586
957895461
331414323
1409456234
889223626
323693979
1927284807
1490105927
642512515
364258508
502572170
1844084292
1037359334
720563285
1575910964
950080048
921409662
2131388927
1125848455
863326668
336895173
974127555
1070846863
590769260
1428883531
2133395614
1999114568
1209121192
2056482828
676760893
560582086
2109102263
57930204
1879096892
1329494400
474623092
1590180064
181651021
183741969
1818057199
518054064
338785027
1784784993
1261996836
2015339444
1996105593
131658231
231150277
1786280873
1172151019
479437410
48270633
1681126194
1647852964
2030500575
163459187
425884195
705099717
1644465206
1148174746
784226605
552987646
514809064
1873766815
261096198
1460468146
2101066775
737334110
1733988539
1014585456
432681986
1012514446
1915069750
705546635
925128181
856052233
554503999
891106902
1880661577
2123620721
37666139
1336014913
1437668084
552452302
3567043
307782320
1308842455
418849377
1476898347
