4294967295
4294967295
4294967295
4294967295
4294967295
4294967295
4294967295
4294967295
4294967295
4294967295
4294967295
4294967295
4294967295
4294967295
4294967295
4294967295
4294967295
4294967295
4294967295
4294967295
4294967295
4294967295
4294967295
4294967295
4294967295
4294967295
4294967295
4294967295
4294967295
4294967295
4294967295
4294967295
4278190080
4278190080
4294967295
4294967295
4294967295
4294967295
4294967295
4294967295
4294967295
4278190080
4278190080
4294967295
4294967295
4294967295
4294967295
4294967295
4294967295
4294967295
4294967295
4278190080
4294967295
4294967295
4294967295
4294967295
4294967295
4294967295
4294967295
4294967295
4278190080
4278190080
4278190080
4278190080
4278190080
4278190080
4294967295
4294967295
4278190080
4278190080
4294967295
4294967295
4294967295
4294967295
4294967295
4278190080
4278190080
4278190080
4278190080
4278190080
4294967295
4294967295
4294967295
4294967295
4294967295
4294967295
4294967295
4294967295
4294967295
4294967295
4294967295
4294967295
4294967295
4294967295
4294967295
4294967295
4294967295
4294967295
4294967295
4294967295
1797027364
366659701
1682971061
2066836113
1905062970
1302874241
418611437
545802238
1094622038
989337144
309371201
1718563496
1647074932
91971082
1070017659
612857525
8377028
174096558
789904955
1127870107
1658172107
670577991
1306505542
285119654
391579489
1019588529
1643148329
1811799620
147816946
703107561
366924533
129390025
1636963491
273273341
1095467674
778392875
1209804261
1657431197
1290258234
1692720179
15607358
1666647337
860177566
1479842088
1230907008
148485914
1962840460
142381529
2042356554
959890952
821910555
2084434567
340768507
492137423
1313989230
908266212
871542673
1806201313
391550473
1059074193
1018165116
1135777982
2146697891
992202055
1119488569
230563034
1281972929
349517618
2068497534
807481737
2003167453
1345396077
479590446
2037231194
1430716025
1214053448
708080480
479812337
877814787
481757191
135581682
1085388448
664255214
237651471
1593101909
881998878
1378144769
1396734739
2086531446
2054684372
2113067113
853481544
1210377657
580984993
1071171921
1270523382
1637418375
508764943
223740423
665524097
2048379025