4294967295
4294967295
4278190080
4278190080
4278190080
4278190080
4278190080
4278190080
4294967295
4294967295
4294967295
4294967295
4294967295
4278190080
4278190080
4278190080
4278190080
4278190080
4294967295
4294967295
4294967295
4294967295
4294967295
4278190080
4278190080
4278190080
4278190080
4278190080
4294967295
4294967295
4294967295
4294967295
4294967295
4278190080
4278190080
4278190080
4278190080
4278190080
4294967295
4294967295
4294967295
4294967295
4294967295
4294967295
4278190080
4278190080
4278190080
4278190080
4294967295
4294967295
4294967295
4294967295
4294967295
4294967295
4278190080
4278190080
4278190080
4278190080
4294967295
4294967295
4294967295
4294967295
4294967295
4294967295
4278190080
4278190080
4278190080
4278190080
4294967295
4294967295
4294967295
4294967295
4294967295
4294967295
4278190080
4278190080
4278190080
4278190080
4294967295
4294967295
4294967295
4294967295
4294967295
4294967295
4278190080
4278190080
4278190080
4278190080
4294967295
4294967295
4294967295
4294967295
4294967295
4294967295
4278190080
4278190080
4278190080
4278190080
4294967295
4294967295
4294967138
4294967138
4294967138
4294967138
4294967138
4294967138
4294967138
4294967138
4294967138
4294967138
4294967138
4294967138
4294967138
4294967138
4294967138
4294967138
4294967138
4294967138
4294967138
4294967138
4294967138
4294967138
4294967138
4294967138
4294967138
4294967138
4294967138
4294967138
4294967138
4294967138
1219401446
1219401446
1219401446
1219401446
1219401446
1219401446
1219401446
1219401446
1219401446
1219401446
91890180
766439457
1511151261
865297835
443177653
1205594292
18446744073602615305
1614579887
24953048
1070049859
605489206
1903718198
820387417
1831955257
887285468
1204002631
754965753
269870093
1864889140
810360566
206627421
1775033293
1185034989
1991230608
1398755543
128671860
493169353
1184125897
18446744073687952053
1567064940
1894757903
1374334298
4157268
928058949
466859010
1073680955
1048069461
1543700629
372348463
1352978764
1138980834
575607516
51448260
18446744073630695817
1510919493
1799828483
448931758
1282647830
569217384
1026580837
133381157
832919752
764593772
1447483566
247783292
1424838536
636863504
2012877267
1672556251
257805597
18446744049453018797
