4294967295
4294967295
4294967295
4294967295
4294967295
4294967295
4294967295
4294967295
4278190080
4294967295
4294967295
4294967295
4294967295
4278190080
4294967295
4278190080
4294967295
4294967295
4294967295
4294967295
4278190080
4278190080
4278190080
4278190080
4278190080
4278190080
4278190080
4278190080
4294967295
4294967295
4294967295
4294967295
4294967295
4294967295
4278190080
4294967295
4294967295
4294967295
4294967295
4294967295
4294967295
4294967295
4294967295
4294967295
4294967295
4294967295
4294967295
4294967295
4294967295
4294967295
4294967295
4294967295
4294967295
4294967295
4294967295
4294967295
4294967295
4294967295
4294967295
4294967295
4294967295
4294967295
4294967295
4294967295
4294967295
4294967295
4294967295
4294967295
4294967295
4294967295
1219401603
1219401603
1219401603
1219401603
1219401603
1219401603
1219401603
1219401603
1219401603
1219401603
91890337
766439614
1511151418
865297992
443177810
1205594449
18446744073602615462
1614580044
24953205
1070050016
605489363
1903718355
820387574
1831955414
887285625
1204002788
754965910
269870250
1864889297
810360723
206627578
1775033450
1185035146
1991230765
1398755700
128672017
493169510
1184126054
18446744073687952210
1567065097
1894758060
1374334455
4157425
928059106
466859167
1073681112
1048069618
1543700786
372348620
1352978921
1138980991
575607673
51448417
18446744073630695974
1510919650
1799828640
448931915
1282647987
569217541
1026580994
133381314
832919909
764593929
1447483723
247783449
1424838693
636863661
2012877424
1672556408
257805754
1513463197
1226190553
1956304376
751465454
18446744073708768100
1984352417
1014119692
791645660
347333005
18446744073706870524
1142860415
18446744073694560598
1811327301
1477786987
63799978
1701777208
792200132
139509300
1520644954
874156212
263851688









