4294967295
4294967295
4294967295
4294967295
4294967295
4294967295
4294967295
4294967295
4294967295
4294967295
4294967295
4294967295
4294967295
4294967295
4294967295
4294967295
4294967295
4294967295
4294967295
4294967295
4294967295
4294967295
4294967295
4294967295
4294967295
4294967295
4294967295
4294967295
4294967295
4294967295
4294967295
4294967295
4294967295
4278190080
4294967295
4294967295
4294967295
4294967295
4294967295
4294967295
4294967295
4278190080
4278190080
4294967295
4294967295
4294967295
4278190080
4278190080
4278190080
4278190080
4278190080
4278190080
4278190080
4278190080
4278190080
4278190080
4294967295
4294967295
4294967295
4294967295
4294967295
4294967295
4294967295
4294967295
4294967295
4294967295
4294967295
4294967295
4294967295
4294967295
4294967295
4294967295
4294967295
4294967295
4294967295
4294967295
4294967295
4294967295
4294967295
4294967295
4294967295
4294967295
4294967295
4294967295
4294967295
4294967295
4294967295
4294967295
4294967295
4294967295
4294967295
4294967295
4294967295
4294967295
4294967295
4294967295
4294967295
4294967295
4294967295
4294967295
3167456118
3842005395
4586717199
3940863773
3518743591
4281160230
2968629627
4690145825
3100518986
4145615797
3681055144
4979284136
3895953355
4907521195
3962851406
4279568569
3830531691
3345436031
4940455078
3885926504
3282193359
4850599231
4260600927
5066796546
4474321481
3204237798
3568735291
4259691835
3053966375
4642630878
4970323841
4449900236
3079723206
4003624887
3542424948
4149246893
4123635399
4619266567
3447914401
4428544702
4214546772
3651173454
3127014198
2996710139
4586485431
4875394421
3524497696
4358213768
3644783322
4102146775
3208947095
3908485690
3840159710
4523049504
3323349230
4500404474
3712429442
5088443205
4748122189
3333371535
4589028978
4301756334
5031870157
3827031235
3074782265
5059918198
4089685473
3867211441
3422898786
3072884689
4218426196
3060574763
4886893082
4553352768
3139365759
4777342989
3867765913
3215075081
4596210735
3949721993
3913164764
4665542433
4128220438
3328109819
3259535111
3156463379
3284833408
3465965548
3826902537
4403512676
3225613978
4427647670
4587075678
4860218400
3496283972
4046809354
4686419930
5018461148
4458861818
4039864813
1073741900
