4294967295
4294967295
4294967295
4294967295
4294967295
4294967295
4294967295
4294967295
4294967295
4294967295
4294967295
4294967295
4294967295
4294967295
4294967295
4294967295
4294967295
4294967295
4294967295
4294967295
4294967295
4294967295
4294967295
4294967295
4294967295
4294967295
4294967295
4294967295
4294967295
4294967295
4294967295
4294967295
4294967295
4278190080
4294967295
4294967295
4294967295
4294967295
4294967295
4294967295
4294967295
4278190080
4278190080
4294967295
4294967295
4294967295
4278190080
4278190080
4278190080
4278190080
4278190080
4278190080
4278190080
4278190080
4278190080
4278190080
4294967295
4294967295
4294967295
4294967295
4294967295
4294967295
4294967295
4294967295
4294967295
4294967295
4294967295
4294967295
4294967295
4294967295
4294967295
4294967295
4294967295
4294967295
4294967295
4294967295
4294967295
4294967295
4294967295
4294967295
4294967295
4294967295
4294967295
4294967295
4294967295
4294967295
4294967295
4294967295
4294967295
4294967295
4294967295
4294967295
4294967295
4294967295
4294967295
4294967295
4294967295
4294967295
4294967295
4294967295
3167459488
3842008765
4586720569
3940867143
3518746961
4281163600
2968632997
4690149195
3100522356
4145619167
3681058514
4979287506
3895956725
4907524565
3962854776
4279571939
3830535061
3345439401
4940458448
3885929874
3282196729
4850602601
4260604297
5066799916
4474324851
3204241168
3568738661
4259695205
3053969745
4642634248
4970327211
4449903606
3079726576
4003628257
3542428318
4149250263
4123638769
4619269937
3447917771
4428548072
4214550142
3651176824
3127017568
2996713509
4586488801
4875397791
3524501066
4358217138
3644786692
4102150145
3208950465
3908489060
3840163080
4523052874
3323352600
4500407844
3712432812
5088446575
4748125559
3333374905
4589032348
4301759704
5031873527
3827034605
3074785635
5059921568
4089688843
3867214811
3422902156
3072888059
4218429566
3060578133
4886896452
4553356138
3139369129
4777346359
3867769283
3215078451
4596214105
3949725363
3913168134
4665545803
4128223808
3328113189
3259538481
3156466749
3284836778
3465968918
3826905907
4403516046
3225617348
4427651040
4587079048
4860221770
3496287342
4046812724
4686423300
5018464518
4458865188
4039868183
1073741978
