4294967295
4294967295
4294967295
4294967295
4294967295
4294967295
4294967295
4294967295
4294967295
4294967295
4278190080
4278190080
4278190080
4278190080
4278190080
4278190080
4278190080
4278190080
4278190080
4278190080
4278190080
4278190080
4278190080
4278190080
4278190080
4278190080
4278190080
4278190080
4278190080
4278190080
4278190080
4278190080
4278190080
4278190080
4278190080
4278190080
4278190080
4278190080
4278190080
4278190080
4278190080
4278190080
4294967295
4294967295
4278190080
4278190080
4278190080
4278190080
4278190080
4278190080
4294967295
4294967295
4294967295
4294967295
4294967295
4278190080
4278190080
4278190080
4278190080
4278190080
4294967295
4294967295
4294967295
4294967295
4294967295
4278190080
4278190080
4278190080
4278190080
4278190080
4294967295
4294967295
4294967295
4294967295
4294967295
4278190080
4294967295
4294967295
4278190080
4278190080
4294967295
4294967295
4294967295
4294967295
4278190080
4278190080
4278190080
4294967295
4278190080
4278190080
4294967295
4294967295
4294967295
4294967295
4294967295
4294967295
4294967295
4294967295
4294967295
4294967295
4294967149
4294967149
4294967149
4294967149
4294967149
4294967149
4294967149
4294967149
4294967149
4294967149
4294967149
4294967149
4294967149
4294967149
4294967149
4294967149
4294967149
4294967149
4294967149
4294967149
4294967149
4294967149
4294967149
4294967149
4294967149
4294967149
4294967149
4294967149
4294967149
4294967149
1219401457
1219401457
1219401457
1219401457
1219401457
1219401457
1219401457
1219401457
1219401457
1219401457
91890191
766439468
1511151272
865297846
443177664
1205594303
18446744073602615316
1614579898
24953059
1070049870
605489217
1903718209
820387428
1831955268
887285479
1204002642
754965764
269870104
1864889151
810360577
206627432
1775033304
1185035000
1991230619
1398755554
128671871
493169364
1184125908
18446744073687952064
1567064951
1894757914
1374334309
4157279
928058960
466859021
1073680966
1048069472
1543700640
372348474
1352978775
1138980845
575607527
51448271
18446744073630695828
1510919504
1799828494
448931769
1282647841
569217395
1026580848
133381168
832919763
764593783
1447483577
247783303
1424838547
636863515
2012877278
1672556262
257805608
18446744049453018797
