4278190080
4278190080
4278190080
4278190080
4278190080
4278190080
4278190080
4278190080
4278190080
4278190080
4278190080
4278190080
4278190080
4278190080
4278190080
4278190080
4278190080
4278190080
4278190080
4278190080
4278190080
4294967295
4294967295
4294967295
4294967295
4294967295
4294967295
4294967295
4294967295
4278190080
4278190080
4278190080
4278190080
4294967295
4294967295
4294967295
4294967295
4294967295
4278190080
4278190080
4278190080
4294967295
4278190080
4278190080
4278190080
4278190080
4278190080
4278190080
4278190080
4278190080
4278190080
4278190080
4294967295
4294967295
4294967295
4278190080
4278190080
4278190080
4278190080
4278190080
4278190080
4278190080
4278190080
4294967295
4278190080
4294967295
4294967295
4278190080
4278190080
4278190080
4294967295
4278190080
4294967295
4294967295
4294967295
4278190080
4278190080
4278190080
4278190080
4278190080
4294967295
4294967295
4294967295
4294967295
4294967295
4294967295
4294967295
4294967295
4294967295
4294967295
4294967295
4294967295
4294967295
4294967295
4294967295
4294967295
4294967295
4294967295
4294967295
4294967295
970581707
380384082
1566291986
372616472
1839491674
1772067635
1412952365
727721480
545714228
1676038744
1861238757
742733282
570818861
2144270609
803502639
1351234632
1024788733
951057008
1192195479
35914591
1388505856
1961847470
224329205
2098419037
1635608241
311884474
381188739
949178926
1117682659
566603706
290026967
226010243
258791447
507818530
1043564269
408331170
710873597
1725916858
1495326922
61061762
1485847080
1547384930
1206090583
20074994
1467512745
1343358944
1071973835
1091202849
1333291775
1895413177
712929060
2107361677
1084283674
858778950
1548704228
1303005519
1434060351
149694653
160769911
650550890
652402537
113121135
1931917326
550084110
1142637724
1637347728
291233780
226489541
1186579291
1091322002
304819540
979604302
1414388165
1431053444
1701224622
881177554
295778872
1082253428
1611849119
638672206
52165621
1265530378
1916685983
453618743
584060604
352365040
1292059715
930662638
1267709951
861341745
2009378346
1938237893
2032465350
499660072
1327162120
1429567397
849508933
1231086421
505846023
11317339
1627939359
656662074
191056653
1876827284
1309863546
1459740822
664733957
48898402
44967335
1951108492
396821124
192969083
214072770
643367173
1316950435
15337994
1039219287
273767067
1557015089
671968217
790220122
727045248
603765486
1050501901
309685927
239490734
951153789
1748109431
1565300829
1498664169
1294213153
2001663899
644711474
2035160628
1218069395
817335850
633841555
1210750401
302358453
2054267696
1771358232
581027037
367667319
1557571556
691018156
433799102
1987907356
872216383
2132164756
658782538
100384130