4294967295
4294967295
4294967295
4294967295
4294967295
4294967295
4294967295
4294967295
4294967295
4294967295
4294967295
4294967295
4294967295
4294967295
4294967295
4294967295
4294967295
4294967295
4294967295
4294967295
4294967295
4294967295
4294967295
4294967295
4294967295
4294967295
4294967295
4294967295
4294967295
4294967295
4294967295
4294967295
4294967295
4294967295
4294967295
4294967295
4294967295
4294967295
4294967295
4294967295
4294967295
4294967295
4294967295
4294967295
4294967295
4294967295
4294967295
4294967295
4294967295
4294967295
4294967295
4278190080
4278190080
4278190080
4294967295
4294967295
4294967295
4294967295
4294967295
4294967295
4278190080
4278190080
4278190080
4294967295
4294967295
4294967295
4294967295
4294967295
4294967295
4294967295
4278190080
4278190080
4294967295
4294967295
4294967295
4294967295
4294967295
4294967295
4294967295
4294967295
4278190080
4278190080
4278190080
4278190080
4278190080
4278190080
4278190080
4278190080
4278190080
4278190080
4294967295
4294967295
4294967295
4294967295
4294967295
4294967295
4294967295
4294967295
4294967295
4294967295
114529329
1981736134
707830091
110814251
1078866489
1378577548
1584063187
1608996496
1421339781
152940802
278886039
1603468517
1903451156
563436156
1045150110
999892296
1179705471
261229812
1195675685
2128752723
436147166
1610948724
1582604457
2018423926
694445177
1942118483
2004371250
633624654
545902933
781618203
678181409
1074330510
1244995947
1272324531
154084543
1845884244
1331283724
1850029717
968372879
312194331
1165585402
1736344397
1541843415
125203022
1244276332
998048839
197801970
1982212121
1990589277
1528206787
1144567548
1482543982
1434567603
87485219
1081027960
1926854885
1701513612
1788450032
1483935694
1719522467
1299406140
962700825
2093372733
1427567317
1317900053
1710142668
1390671722
307299825
1825990295
1725566486
1975826634
1183462279
1071009026
1713889092
586296301
301867247
1310422042
903724160
507621880
1671183539
801209096
2004354444
1348076248
339985328
713212002
1027375867
1790863726
2131553390
735393225
1007138109
2084218493
878143139
1066417709
1019173808
244705204
1964995609
1472310038
1581110928
977782420
144825486
563352971