4294967295
4294967295
4294967295
4294967295
4294967295
4294967295
4294967295
4294967295
4294967295
4294967295
4294967295
4294967295
4294967295
4294967295
4294967295
4294967295
4294967295
4294967295
4294967295
4294967295
4294967295
4294967295
4294967295
4294967295
4278190080
4278190080
4294967295
4294967295
4294967295
4294967295
4294967295
4294967295
4294967295
4294967295
4278190080
4278190080
4294967295
4294967295
4294967295
4294967295
4294967295
4294967295
4294967295
4294967295
4278190080
4278190080
4278190080
4278190080
4278190080
4278190080
4278190080
4278190080
4278190080
4278190080
4278190080
4278190080
4278190080
4278190080
4278190080
4278190080
4278190080
4278190080
4278190080
4278190080
4278190080
4278190080
4294967295
4294967295
4294967295
4294967295
4294967295
4294967295
4294967295
4294967295
4294967295
4294967295
4294967295
4294967295
4294967295
4294967295
4294967295
4294967295
4294967295
4294967295
4294967295
4294967295
4294967295
4294967295
4294967295
4294967295
4294967295
4294967295
4294967295
4294967295
4294967295
4294967295
4294967295
4294967295
4294967295
4294967295
4294967295
4294967295
4294967295
4294967295
4294967295
4294967295
4294967295
4294967295
4294967295
4294967295
3167456029
3842005306
4586717110
3940863684
3518743502
4281160141
2968629538
4690145736
3100518897
4145615708
3681055055
4979284047
3895953266
4907521106
3962851317
4279568480
3830531602
3345435942
4940454989
3885926415
3282193270
4850599142
4260600838
5066796457
4474321392
3204237709
3568735202
4259691746
3053966286
4642630789
4970323752
4449900147
3079723117
4003624798
3542424859
4149246804
4123635310
4619266478
3447914312
4428544613
4214546683
3651173365
3127014109
2996710050
4586485342
4875394332
3524497607
4358213679
3644783233
4102146686
3208947006
3908485601
3840159621
4523049415
3323349141
4500404385
3712429353
5088443116
4748122100
3333371446
4589028889
4301756245
5031870068
3827031146
3074782176
5059918109
4089685384
3867211352
3422898697
3072884600
4218426107
3060574674
4886892993
4553352679
3139365670
4777342900
3867765824
3215074992
4596210646
3949721904
3913164675
4665542344
4128220349
3328109730
3259535022
3156463290
3284833319
3465965459
3826902448
4403512587
3225613889
4427647581
4587075589
4860218311
3496283883
4046809265
4686419841
5018461059
4458861729
4039864724
1073741764