4294967295
4294967295
4294967295
4294967295
4294967295
4294967295
4294967295
4294967295
4294967295
4294967295
4294967295
4294967295
4294967295
4294967295
4294967295
4294967295
4294967295
4294967295
4294967295
4294967295
4294967295
4294967295
4294967295
4294967295
4294967295
4294967295
4294967295
4294967295
4294967295
4294967295
4294967295
4294967295
4294967295
4294967295
4294967295
4294967295
4294967295
4294967295
4294967295
4294967295
4294967295
4294967295
4294967295
4294967295
4294967295
4294967295
4294967295
4294967295
4294967295
4294967295
4294967295
4294967295
4294967295
4294967295
4294967295
4294967295
4294967295
4294967295
4294967295
4294967295
4294967295
4294967295
4294967295
4294967295
4294967295
4294967295
4294967295
4294967295
4294967295
4294967295
4294967295
4294967295
4294967295
4294967295
4294967295
4294967295
4294967295
4294967295
4294967295
4294967295
4294967295
4294967295
4294967295
4294967295
4294967295
4294967295
4294967295
4294967295
4294967295
4294967295
4294967295
4294967295
4294967295
4294967295
4294967295
4294967295
4294967295
4294967295
4294967295
4294967295
3167456236
3842005513
4586717317
3940863891
3518743709
4281160348
2968629745
4690145943
3100519104
4145615915
3681055262
4979284254
3895953473
4907521313
3962851524
4279568687
3830531809
3345436149
4940455196
3885926622
3282193477
4850599349
4260601045
5066796664
4474321599
3204237916
3568735409
4259691953
3053966493
4642630996
4970323959
4449900354
3079723324
4003625005
3542425066
4149247011
4123635517
4619266685
3447914519
4428544820
4214546890
3651173572
3127014316
2996710257
4586485549
4875394539
3524497814
4358213886
3644783440
4102146893
3208947213
3908485808
3840159828
4523049622
3323349348
4500404592
3712429560
5088443323
4748122307
3333371653
4589029096
4301756452
5031870275
3827031353
3074782383
5059918316
4089685591
3867211559
3422898904
3072884807
4218426314
3060574881
4886893200
4553352886
3139365877
4777343107
3867766031
3215075199
4596210853
3949722111
3913164882
4665542551
4128220556
3328109937
3259535229
3156463497
3284833526
3465965666
3826902655
4403512794
3225614096
4427647788
4587075796
4860218518
3496284090
4046809472
4686420048
5018461266
4458861936
4039864931
1073741900
