4278190080
4278190080
4278190080
4278190080
4278190080
4278190080
4278190080
4278190080
4278190080
4278190080
4278190080
4294967295
4294967295
4278190080
4278190080
4278190080
4294967295
4294967295
4294967295
4294967295
4278190080
4294967295
4294967295
4278190080
4278190080
4278190080
4294967295
4294967295
4294967295
4294967295
4294967295
4294967295
4294967295
4278190080
4278190080
4278190080
4278190080
4294967295
4294967295
4294967295
4278190080
4294967295
4294967295
4278190080
4278190080
4278190080
4278190080
4294967295
4294967295
4294967295
4278190080
4278190080
4278190080
4278190080
4278190080
4278190080
4278190080
4278190080
4278190080
4278190080
4278190080
4278190080
4278190080
4278190080
4278190080
4278190080
4278190080
4278190080
4278190080
4278190080
4278190080
4278190080
4278190080
4278190080
4278190080
4278190080
4278190080
4278190080
4278190080
4278190080
4278190080
4278190080
4278190080
4278190080
4278190080
4278190080
4278190080
4278190080
4278190080
4278190080
4278190080
4278190080
4278190080
4278190080
4278190080
4278190080
4278190080
4278190080
4278190080
4278190080
959263972
369066347
1554974251
361298737
1828173939
1760749900
1401634630
716403745
534396493
1664721009
1849921022
731415547
559501126
2132952874
792184904
1339916897
1013470998
939739273
1180877744
24596856
1377188121
1950529735
213011470
2087101302
1624290506
300566739
369871004
937861191
1106364924
555285971
278709232
214692508
247473712
496500795
1032246534
397013435
699555862
1714599123
1484009187
49744027
1474529345
1536067195
1194772848
8757259
1456195010
1332041209
1060656100
1079885114
1321974040
1884095442
701611325
2096043942
1072965939
847461215
1537386493
1291687784
1422742616
138376918
149452176
639233155
641084802
101803400
1920599591
538766375
1131319989
1626029993
279916045
215171806
1175261556
1080004267
293501805
968286567
1403070430
1419735709
1689906887
869859819
284461137
1070935693
1600531384
627354471
40847886
1254212643
1905368248
442301008
572742869
341047305
1280741980
919344903
1256392216
850024010
1998060611
1926920158
2021147615
488342337
1315844385
1418249662
838191198
1219768686
494528288
18446744073709551220
18446744059587498207
656662074
191056653
1876827284
1309863546
1459740822
664733957
48898402
44967335
1951108492
396821124
192969083
214072770
643367173
1316950435
15337994
1039219287
273767067
1557015089
671968217
790220122
727045248
603765486
1050501901
309685927
239490734
951153789
1748109431
1565300829
1498664169
1294213153
2001663899
644711474
2035160628
1218069395
817335850
633841555
1210750401
302358453
2054267696
1771358232
581027037
367667319
1557571556
691018156
433799102
1987907356
872216383
2132164756
658782538
100384130
