1152367405
1906958563
1496184736
1994627901
1905498585
1206813002
36376884
1495510393
341985064
1791819133
2143210004
1916892260
415366254
33059884
440429133
1440417132
946037330
481098963
1276910249
1037845143
1354110553
836587194
590966605
963045375
1135230286
687199461
1329153841
393844064
1891415367
2057282541
1312645544
1636071785
324498647
1779186612
1680546855
1761137140
912672573
1040233176
1951110444
1281091100
1260271986
1799109270
790493986
281847072
1782516901
808364351
1050465889
2028266503
174013612
1198171808
457285395
378534522
120166092
2023380251
502801169
961086628
862337826
352990405
425413766
1712078750
1341322983
1987755108
866682376
862387311
302360274
1982400700
868499768
1909725943
689184769
1275031174
529994773
978669486
1347317480
1747614908
1099818613
1992634842
777826686
1988771103
1191949455
1072576887
470466371
245682271
712453168
195763883
1776759600
309810371
1301554419
933216395
1217543155
24551240
1636546188
178049938
71130043
1474162975
720543287
1227548485
1364574966
1298318409
1858041322
870793972
114529329
1981736134
707830091
110814251
1078866489
1378577548
1584063187
1608996496
1421339781
152940802
278886039
1603468517
1903451156
563436156
1045150110
999892296
1179705471
261229812
1195675685
2128752723
436147166
1610948724
1582604457
2018423926
694445177
1942118483
2004371250
633624654
545902933
781618203
678181409
1074330510
1244995947
1272324531
154084543
1845884244
1331283724
1850029717
968372879
312194331
1165585402
1736344397
1541843415
125203022
1244276332
998048839
197801970
1982212121
1990589277
1528206787
1144567548
1482543982
1434567603
87485219
1081027960
1926854885
1701513612
1788450032
1483935694
1719522467
1299406140
962700825
2093372733
1427567317
1317900053
1710142668
1390671722
307299825
1825990295
1725566486
1975826634
1183462279
1071009026
1713889092
586296301
301867247
1310422042
903724160
507621880
1671183539
801209096
2004354444
1348076248
339985328
713212002
1027375867
1790863726
2131553390
735393225
1007138109
2084218493
878143139
1066417709
1019173808
244705204
1964995609
1472310038
1581110928
977782420
144825486
563352971
1039496924
