4294967295
4294967295
4294967295
4278190080
4278190080
4278190080
4278190080
4278190080
4294967295
4294967295
4294967295
4294967295
4294967295
4294967295
4278190080
4278190080
4278190080
4278190080
4294967295
4294967295
4294967295
4294967295
4294967295
4294967295
4294967295
4278190080
4278190080
4278190080
4294967295
4294967295
4294967295
4294967295
4294967295
4294967295
4294967295
4294967295
4294967295
4278190080
4294967295
4294967295
4294967295
4294967295
4294967295
4294967295
4278190080
4294967295
4278190080
4278190080
4294967295
4294967295
4294967295
4294967295
4294967295
4294967295
4278190080
4278190080
4278190080
4278190080
4294967295
4294967295
4294967295
4294967295
4294967295
4294967295
4278190080
4278190080
4278190080
4278190080
4294967295
4294967295
4294967295
4294967295
4278190080
4294967295
4278190080
4278190080
4278190080
4278190080
4294967295
4294967295
4294967295
4294967295
4278190080
4294967295
4278190080
4278190080
4278190080
4278190080
4294967295
4294967295
4294967295
4294967295
4278190080
4294967295
4278190080
4278190080
4278190080
4278190080
4294967295
4294967295
4294967132
4294967132
4294967132
4294967132
4294967132
4294967132
4294967132
4294967132
4294967132
4294967132
4294967132
4294967132
4294967132
4294967132
4294967132
4294967132
4294967132
4294967132
4294967132
4294967132
4294967132
4294967132
4294967132
4294967132
4294967132
4294967132
4294967132
4294967132
4294967132
4294967132
1219401440
1219401440
1219401440
1219401440
1219401440
1219401440
1219401440
1219401440
1219401440
1219401440
91890174
766439451
1511151255
865297829
443177647
1205594286
18446744073602615299
1614579881
24953042
1070049853
605489200
1903718192
820387411
1831955251
887285462
1204002625
754965747
269870087
1864889134
810360560
206627415
1775033287
1185034983
1991230602
1398755537
128671854
493169347
1184125891
18446744073687952047
1567064934
1894757897
1374334292
4157262
928058943
466859004
1073680949
1048069455
1543700623
372348457
1352978758
1138980828
575607510
51448254
18446744073630695811
1510919487
1799828477
448931752
1282647824
569217378
1026580831
133381151
832919746
764593766
1447483560
247783286
1424838530
636863498
2012877261
1672556245
257805591
18446744049453018797
