4294967295
4294967295
4278190080
4294967295
4294967295
4294967295
4294967295
4294967295
4294967295
4294967295
4294967295
4278190080
4294967295
4294967295
4294967295
4294967295
4294967295
4294967295
4294967295
4294967295
4278190080
4278190080
4278190080
4278190080
4278190080
4278190080
4278190080
4278190080
4278190080
4278190080
4294967295
4294967295
4294967295
4294967295
4294967295
4294967295
4294967295
4294967295
4294967295
4294967295
4294967295
4294967295
4294967295
4294967295
4294967295
4294967295
4294967295
4294967295
4294967295
4294967295
4294967295
4294967295
4294967295
4294967295
4294967295
4294967295
4294967295
4294967295
4294967295
4294967295
4294967295
4294967295
4294967295
4294967295
4294967295
4294967295
4294967295
4294967295
4294967295
4294967295
4294967295
4294967295
4294967295
4294967295
4294967295
4294967295
4294967295
4294967295
4294967295
4294967295
4294967295
4294967295
4294967295
4294967295
4294967295
4294967295
4294967295
4294967295
4294967295
4294967295
4294967295
4294967295
4294967295
4294967295
4294967295
4294967295
4294967295
4294967295
4294967295
4294967295
3167456224
3842005501
4586717305
3940863879
3518743697
4281160336
2968629733
4690145931
3100519092
4145615903
3681055250
4979284242
3895953461
4907521301
3962851512
4279568675
3830531797
3345436137
4940455184
3885926610
3282193465
4850599337
4260601033
5066796652
4474321587
3204237904
3568735397
4259691941
3053966481
4642630984
4970323947
4449900342
3079723312
4003624993
3542425054
4149246999
4123635505
4619266673
3447914507
4428544808
4214546878
3651173560
3127014304
2996710245
4586485537
4875394527
3524497802
4358213874
3644783428
4102146881
3208947201
3908485796
3840159816
4523049610
3323349336
4500404580
3712429548
5088443311
4748122295
3333371641
4589029084
4301756440
5031870263
3827031341
3074782371
5059918304
4089685579
3867211547
3422898892
3072884795
4218426302
3060574869
4886893188
4553352874
3139365865
4777343095
3867766019
3215075187
4596210841
3949722099
3913164870
4665542539
4128220544
3328109925
3259535217
3156463485
3284833514
3465965654
3826902643
4403512782
3225614084
4427647776
4587075784
4860218506
3496284078
4046809460
4686420036
5018461254
4458861924
4039864919
1073741900
